Processing text dataset
len(aspect_term_list) 1295

aspect_weights:
{'food': 0.9187192118226601, 'service': 0.8842443729903536, 'price': 0.8665105386416861, 'ambience': 0.8453453453453453, 'misc': 0.9501176470588235}
dataframe.shape =  (1000, 2)
_________________________________________________________________
Layer (type)                 Output Shape              Param #   
=================================================================
embedding_1 (Embedding)      (None, 50, 200)           487000    
_________________________________________________________________
lstm_1 (LSTM)                (None, 100)               120400    
_________________________________________________________________
dense_1 (Dense)              (None, 2)                 202       
=================================================================
Total params: 607,602
Trainable params: 607,602
Non-trainable params: 0
_________________________________________________________________
None
Train on 1000 samples, validate on 1000 samples
Epoch 1/5

 256/1000 [======>.......................] - ETA: 2s - loss: 0.6926 - acc: 0.5117
 512/1000 [==============>...............] - ETA: 0s - loss: 0.6921 - acc: 0.5117
 768/1000 [======================>.......] - ETA: 0s - loss: 0.6918 - acc: 0.5247
1000/1000 [==============================] - 1s 1ms/step - loss: 0.6932 - acc: 0.5130 - val_loss: 0.6853 - val_acc: 0.5500
Epoch 2/5

 256/1000 [======>.......................] - ETA: 0s - loss: 0.6835 - acc: 0.5430
 512/1000 [==============>...............] - ETA: 0s - loss: 0.6840 - acc: 0.5332
 768/1000 [======================>.......] - ETA: 0s - loss: 0.6824 - acc: 0.5781
1000/1000 [==============================] - 1s 581us/step - loss: 0.6805 - acc: 0.6110 - val_loss: 0.6755 - val_acc: 0.5700
Epoch 3/5

 256/1000 [======>.......................] - ETA: 0s - loss: 0.6742 - acc: 0.5469
 512/1000 [==============>...............] - ETA: 0s - loss: 0.6747 - acc: 0.5488
 768/1000 [======================>.......] - ETA: 0s - loss: 0.6724 - acc: 0.5846
1000/1000 [==============================] - 1s 593us/step - loss: 0.6701 - acc: 0.6190 - val_loss: 0.6525 - val_acc: 0.7610
Epoch 4/5

 256/1000 [======>.......................] - ETA: 0s - loss: 0.6514 - acc: 0.7773
 512/1000 [==============>...............] - ETA: 0s - loss: 0.6494 - acc: 0.7598
 768/1000 [======================>.......] - ETA: 0s - loss: 0.6439 - acc: 0.7552
1000/1000 [==============================] - 1s 559us/step - loss: 0.6397 - acc: 0.7540 - val_loss: 0.6059 - val_acc: 0.7990
Epoch 5/5

 256/1000 [======>.......................] - ETA: 0s - loss: 0.6163 - acc: 0.7461
 512/1000 [==============>...............] - ETA: 0s - loss: 0.5995 - acc: 0.8008
 768/1000 [======================>.......] - ETA: 0s - loss: 0.5841 - acc: 0.8190
1000/1000 [==============================] - 1s 569us/step - loss: 0.5802 - acc: 0.7950 - val_loss: 0.5176 - val_acc: 0.8510
predictions =  [[0.59902966 0.4009703 ]
 [0.73486996 0.26513007]
 [0.7025021  0.2974979 ]
 ...
 [0.5748129  0.42518705]
 [0.43841267 0.56158733]
 [0.5776119  0.4223881 ]]
predictions1 =  [1, 1, 1, 1, 1, 1, 0, 1, 1, 1, 0, 1, 0, 0, 0, 0, 0, 0, 1, 1, 1, 1, 0, 1, 0, 0, 1, 1, 1, 1, 1, 1, 0, 0, 1, 0, 1, 1, 1, 1, 1, 0, 1, 1, 1, 0, 0, 1, 1, 0, 0, 1, 0, 0, 1, 1, 1, 0, 1, 1, 1, 0, 1, 1, 0, 0, 1, 0, 1, 1, 1, 0, 0, 0, 1, 1, 0, 1, 0, 0, 1, 0, 0, 0, 0, 1, 1, 1, 1, 1, 1, 0, 1, 0, 0, 1, 0, 1, 1, 1, 0, 1, 0, 1, 0, 1, 0, 1, 1, 1, 0, 0, 0, 0, 1, 0, 1, 1, 1, 0, 1, 1, 0, 1, 1, 1, 1, 0, 1, 1, 1, 0, 1, 0, 0, 1, 0, 1, 0, 0, 1, 1, 1, 1, 1, 1, 1, 0, 1, 0, 1, 1, 0, 1, 1, 1, 0, 1, 0, 1, 0, 0, 0, 1, 1, 1, 0, 0, 1, 0, 1, 0, 0, 0, 1, 0, 0, 1, 1, 1, 1, 1, 1, 1, 1, 1, 0, 0, 0, 1, 1, 1, 1, 1, 0, 1, 1, 1, 1, 0, 0, 0, 0, 1, 1, 1, 1, 1, 0, 1, 0, 1, 0, 0, 0, 1, 1, 0, 1, 1, 1, 1, 1, 0, 0, 0, 0, 1, 0, 1, 1, 0, 1, 1, 1, 0, 1, 1, 1, 1, 0, 0, 1, 0, 1, 1, 1, 1, 1, 0, 1, 0, 1, 1, 0, 0, 0, 1, 1, 0, 1, 1, 1, 1, 0, 1, 1, 1, 1, 1, 1, 0, 1, 0, 1, 1, 1, 1, 0, 0, 1, 1, 1, 1, 1, 1, 0, 1, 1, 1, 1, 0, 1, 1, 1, 0, 1, 0, 1, 0, 1, 0, 1, 1, 1, 0, 0, 1, 1, 1, 0, 1, 0, 1, 1, 1, 0, 0, 0, 0, 1, 1, 1, 1, 1, 1, 0, 1, 1, 0, 1, 0, 1, 1, 1, 1, 1, 1, 1, 0, 1, 1, 1, 1, 1, 1, 1, 1, 1, 1, 0, 1, 0, 0, 1, 1, 1, 1, 1, 1, 0, 0, 1, 1, 0, 1, 1, 1, 0, 1, 1, 0, 1, 0, 1, 0, 1, 1, 0, 0, 0, 0, 1, 1, 0, 1, 1, 1, 0, 0, 0, 1, 0, 0, 1, 1, 1, 0, 0, 1, 0, 1, 0, 1, 1, 1, 0, 1, 1, 1, 0, 1, 0, 1, 0, 1, 1, 0, 1, 1, 1, 1, 1, 0, 0, 0, 1, 0, 0, 0, 1, 0, 1, 0, 1, 0, 1, 1, 0, 0, 1, 1, 1, 1, 0, 1, 1, 0, 1, 1, 0, 1, 0, 1, 0, 0, 1, 1, 1, 0, 0, 1, 0, 0, 1, 0, 1, 1, 1, 1, 1, 1, 1, 1, 0, 0, 1, 1, 1, 0, 0, 0, 0, 1, 0, 1, 0, 0, 1, 0, 1, 1, 1, 0, 0, 0, 0, 1, 0, 0, 0, 1, 0, 1, 1, 1, 1, 0, 1, 0, 0, 0, 0, 0, 1, 1, 0, 1, 1, 0, 0, 0, 1, 1, 0, 0, 1, 1, 0, 1, 1, 0, 1, 0, 0, 0, 1, 0, 0, 1, 1, 1, 0, 1, 0, 0, 1, 0, 0, 0, 1, 0, 1, 0, 1, 0, 1, 1, 1, 1, 1, 1, 1, 1, 0, 1, 1, 1, 0, 1, 1, 1, 1, 0, 0, 1, 0, 0, 1, 1, 1, 1, 1, 0, 1, 1, 0, 1, 1, 0, 0, 0, 1, 0, 1, 1, 0, 1, 1, 0, 1, 1, 0, 1, 1, 1, 0, 1, 0, 0, 1, 1, 0, 1, 0, 0, 1, 0, 0, 1, 0, 1, 1, 0, 0, 1, 0, 0, 1, 1, 1, 0, 0, 0, 1, 1, 1, 1, 0, 0, 0, 1, 0, 1, 1, 1, 1, 1, 1, 1, 1, 1, 1, 0, 1, 0, 0, 1, 1, 1, 0, 0, 0, 0, 1, 1, 1, 0, 1, 1, 0, 1, 0, 1, 1, 1, 1, 0, 1, 1, 0, 1, 0, 0, 1, 1, 0, 1, 0, 1, 1, 0, 0, 0, 1, 0, 1, 0, 1, 1, 1, 0, 1, 1, 0, 1, 0, 1, 1, 1, 0, 0, 0, 1, 1, 1, 0, 1, 1, 1, 0, 0, 1, 1, 1, 1, 0, 0, 0, 1, 1, 0, 1, 0, 1, 0, 0, 0, 1, 1, 0, 1, 0, 1, 1, 1, 0, 0, 0, 0, 1, 1, 0, 1, 1, 1, 0, 0, 1, 0, 1]
Scores calculated from sklearn::
accuracy_score:  0.4743758212877792
precision_score:  0.7070484581497798
recall_score:  0.5459183673469388

Classification Report:
             precision    recall  f1-score   support

          0       0.13      0.23      0.17       173
          1       0.71      0.55      0.62       588

avg / total       0.58      0.47      0.51       761

